Массив до сортировки:
752 1 170 665 49 196 365 78 129 652 
210 209 793 69 672 551 333 303 286 529 
761 595 408 837 615 850 35 9 302 513 
522 767 124 716 209 705 515 686 71 482 
706 162 817 95 778 706 936 377 305 465 
20 943 820 327 339 372 996 161 890 906 
379 905 68 402 977 641 16 146 719 24 
4 465 340 431 176 426 533 11 214 234 
279 391 13 927 537 301 828 576 821 793 
659 75 429 513 573 855 634 629 835 679 

Массив после сортировки:
1 4 9 11 13 16 20 24 35 49 
68 69 71 75 78 95 124 129 146 161 
162 170 176 196 209 209 210 214 234 279 
286 301 302 303 305 327 333 339 340 365 
372 377 379 391 402 408 426 429 431 465 
465 482 513 513 515 522 529 533 537 551 
573 576 595 615 629 634 641 652 659 665 
672 679 686 705 706 706 716 719 752 761 
767 778 793 793 817 820 821 828 835 837 
850 855 890 905 906 927 936 943 977 996 
